3
2
31
19
11
4
64
11
7
3
14
3
12
4
22
4
6
3
2
1
2
4
2
9
5
2
7
28
6
2
11
4
1
12
3
3
16
11
11
22
9
3
6
42
11
6
12
17
12
10
9
8
26
1
7
1
9
13
9
7
20
3
20
12
2
8
9
51
1
1
15
7
2
3
3
3
13
6
14
1
15
8
4
23
15
5
6
1
1
3
27
4
19
10
7
18
6
21
10
2
7
2
1
4
16
8
19
6
34
12
3
3
5
9
4
1
1
7
1
7
18
4
3
7
1
1
1
14
11
9
2
1
18
22
20
9
24
1
40
1
7
6
8
2
17
4
2
22
4
1
2
8
8
12
13
15
3
29
22
18
10
32
5
9
13
8
4
4
16
2
3
5
22
1
13
2
6
24
6
2
4
22
2
17
7
112
2
8
10
3
34
6
3
28
54
11
3
9
11
2
5
17
11
3
5
25
4
4
2
13
4
7
6
12
4
3
5
5
42
7
6
5
11
16
6
17
4
1
45
17
1
4
10
7
19
5
1
1
26
1
7
10
2
4
5
4
23
4
69
2
7
1
2
11
1
13
13
10
10
4
5
33
8
2
18
11
6
10
7
8
9
1
17
16
11
17
4
5
8
22
3
3
5
20
15
2
18
5
12
8
53
6
11
18
8
2
5
21
6
17
3
5
2
39
3
23
4
5
7
1
26
2
10
13
8
3
4
16
4
4
1
1
5
8
10
1
18
15
13
24
11
9
1
2
3
7
2
11
11
4
2
19
8
26
14
3
8
6
22
2
8
2
11
6
3
1
13
27
2
43
4
4
1
2
4
2
1
3
3
3
9
11
6
8
7
7
5
16
2
1
15
3
5
8
7
12
5
19
4
16
3
1
1
1
5
23
5
30
1
2
20
1
19
35
2
1
11
22
3
6
13
9
14
5
11
34
54
1
3
20
1
6
15
21
4
5
4
5
8
2
8
3
1
2
3
1
13
6
2
9
21
32
1
10
14
14
14
19
9
17
6
17
3
36
14
7
3
14
1
6
12
11
15
6
4
7
3
30
1
2
2
25
19
26
15
15
2
4
35
10
3
3
15
6
1
2
3
14
7
20
3
13
9
20
8
7
6
5
6
7
7
6
1
14
1
18
3
2
9
40
52
34
48
1
4
22
12
16
5
5
9
20
16
2
2
2
12
1
17
6
11
14
20
15
5
5
12
4
20
2
15
13
11
9
18
19
4
3
9
11
3
5
29
3
3
7
8
7
7
18
5
7
1
11
15
3
2
4
31
2
10
10
6
4
20
4
9
2
10
16
8
22
32
9
6
7
10
8
7
4
14
23
4
6
18
2
11
3
1
4
2
7
28
1
3
9
8
18
24
5
4
16
32
1
16
7
7
23
12
21
5
13
8
6
7
31
26
5
9
18
19
2
5
10
5
9
15
11
20
2
4
2
1
7
11
5
7
2
4
2
3
1
5
12
15
2
3
3
7
10
3
2
9
19
4
8
27
1
5
1
5
21
10
4
9
9
31
17
5
11
63
3
7
8
24
10
1
8
1
9
3
30
2
1
13
18
12
4
8
10
6
6
6
3
2
3
3
13
11
14
1
6
4
3
4
33
35
3
5
11
2
6
3
7
11
5
16
13
4
13
21
7
4
26
3
3
1
17
10
30
7
11
35
12
1
1
6
2
32
1
9
3
4
3
9
9
10
17
3
6
10
2
8
13
5
5
14
2
2
1
3
33
4
18
7
2
2
6
12
2
9
14
2
24
8
10
9
13
2
9
5
18
9
15
8
9
28
6
4
26
1
24
4
9
35
8
4
1
5
5
16
4
3
6
10
14
4
9
9
1
10
4
2
9
22
6
8
6
45
34
13
4
14
7
34
5
3
10
24
7
3
4
17
11
11
1
9
31
3
3
14
11
6
2
13
7
4
7
10
41
7
10
13
19
8
3
3
2
10
33
1
11
3
19
5
21
12
5
4
1
9
4
7
3
2
2
1
5
35
5
4
4
4
2
15
7
5
2
15
11
5
5
23
3
11
3
29
9
1
4
23
19
19
10
11
4
5
13
5
5
10
34
8
7
5
2
4
6
4
6
6
45
2
27
1
3
3
3
12
15
9
11
4
3
40
3
4
19
2
15
4
7
20
9
2
19
4
8
2
4
5
22
19
5
6
5
8
10
6
19
2
20
7
11
3
21
3
31
39
2
5
16
24
8
3
4
13
1
18
1
25
3
26
6
4
27
3
2
6
13
6
4
12
14
15
15
37
1
1
3
35
9
6
10
4
7
4
9
6
9
23
11
1
2
11
14
6
23
27
8
5
17
1
29
14
4
40
2
5
19
22
3
8
1
17
6
5
5
30
6
7
15
4
4
10
20
16
5
16
1
17
3
24
3
1
3
6
16
10
6
22
6
30
2
5
3
3
1
28
3
7
3
2
5
68
2
8
12
10
29
1
2
10
1
6
15
4
1
15
5
3
6
7
2
4
19
9
13
6
5
11
18
6
30
2
11
22
31
13
14
1
3
6
22
41
1
6
2
1
8
4
8
4
1
11
4
6
4
10
10
11
8
16
18
4
17
7
2
5
7
5
23
1
4
13
16
8
5
2
11
2
1
5
5
14
5
3
7
5
23
5
8
2
3
5
14
11
1
3
1
2
10
16
39
10
4
20
3
6
2
1
4
1
1
28
18
2
12
22
10
17
5
6
1
7
3
18
13
1
3
3
13
8
1
6
52
9
9
8
3
5
12
21
16
7
1
3
8
3
2
1
4
9
2
1
1
1
9
26
8
11
14
10
7
7
40
39
26
13
26
13
15
3
4
11
17
2
4
48
18
15
25
14
24
1
1
2
4
16
5
1
13
6
3
9
6
18
13
3
4
58
5
1
16
38
68
25
6
12
2
7
4
3
4
22
3
10
11
36
16
16
39
4
1
41
14
12
2
2
20
12
11
6
2
5
5
14
11
21
13
5
12
8
13
7
13
13
7
6
2
6
20
5
17
41
1
6
1
29
6
7
11
10
31
19
20
5
1
5
27
7
8
31
1
3
1
1
42
4
18
5
10
10
2
23
5
17
1
19
5
2
26
1
9
3
2
17
8
1
8
11
16
3
26
1
9
18
7
21
1
4
11
3
20
2
2
8
6
8
1
10
8
14
10
40
3
11
7
6
36
35
9
2
12
5
1
26
6
6
1
8
27
28
3
5
2
2
11
21
17
14
16
21
7
1
1
11
34
12
16
8
7
5
8
7
5
1
2
4
2
33
21
39
31
14
5
10
2
12
4
1
4
3
48
48
16
2
22
10
15
8
4
1
1
6
5
10
17
13
14
1
14
12
2
12
2
10
3
7
2
3
13
2
29
21
1
1
5
5
2
6
26
21
1
7
8
26
2
20
14
3
5
30
14
44
9
14
12
3
24
3
17
16
6
5
4
17
16
9
6
3
2
1
8
19
13
8
21
8
11
6
7
2
7
1
6
28
2
25
1
1
2
5
4
21
4
19
7
12
19
6
18
10
9
5
23
6
21
4
4
16
3
6
16
5
32
18
3
2
11
3
27
9
11
51
9
3
5
11
2
1
27
13
8
3
15
8
2
1
12
2
7
2
2
32
9
8
14
4
4
10
4
3
7
10
1
4
9
13
1
8
10
4
19
7
4
1
6
1
59
8
28
29
16
24
13
9
11
21
26
7
41
4
10
11
4
7
40
2
1
14
3
6
5
6
2
13
34
3
8
12
1
1
1
8
4
3
1
4
2
9
4
22
3
7
3
12
18
3
11
1
1
7
1
13
9
7
6
3
4
9
1
1
12
5
11
4
7
6
6
17
1
2
2
4
2
1
4
24
15
26
20
3
5
2
10
1
4
10
7
18
6
7
3
8
4
9
2
4
33
14
5
13
4
2
16
4
4
9
6
14
14
5
8
6
1
4
31
16
11
3
3
2
10
7
3
2
3
15
7
3
4
6
4
13
1
13
2
3
21
8
8
8
22
13
4
10
12
10
23
10
2
1
4
75
3
12
30
17
19
5
1
6
2
16
10
11
4
4
6
6
6
8
13
2
8
18
13
8
22
4
3
3
4
22
13
6
1
14
1
1
27
4
6
3
2
1
17
7
1
3
12
9
18
13
14
30
20
13
4
15
6
23
31
2
2
31
9
4
8
13
10
5
7
1
6
11
10
3
6
9
3
6
8
1
9
4
13
6
1
21
9
8
2
24
1
10
7
10
17
13
1
13
2
12
1
9
14
19
12
5
14
23
5
2
13
23
5
4
2
7
5
6
1
14
23
8
4
24
11
2
10
5
9
2
11
14
1
5
4
8
21
6
3
2
11
4
1
2
5
3
2
22
16
5
12
34
18
4
3
11
26
3
16
1
46
1
11
12
9
4
7
6
7
8
15
1
4
1
5
5
3
1
1
7
6
12
3
2
12
8
3
5
1
11
12
3
22
5
3
8
1
5
2
11
9
27
21
19
3
11
15
1
3
28
1
7
7
5
20
